4 5
0.000000 0.000000
1.000000 0.000000
0.148252 -1.516203
1.000000 -0.469620
1.999995 -0.469620
5.000000 0.000000
6.000000 0.000000
7.000000 0.000000
9.615815 -0.362279
9.615815 1.690633
9.741259 2.764810
10.988596 1.650380
12.091231 1.368608
13.977192 0.509873
16.000000 0.000000
20.000000 0.000000
0.000000 0.000000
1.000000 0.000000
2.133297 -0.120760
3.262292 -0.107342
4.273697 -0.737975
5.000000 0.000000
6.000000 0.000000
7.000000 0.000000
8.091232 0.013418
9.091232 0.013418
10.091232 0.013418
11.000000 0.000000
12.000000 0.000000
14.000000 0.000000
16.000000 0.000000
20.000000 0.000000
0.935126 0.026835
1.935130 0.026835
3.539537 -0.389114
4.528133 -0.241519
5.528138 -0.241519
5.000000 0.000000
6.000000 0.000000
7.000000 0.000000
8.228080 -0.000000
9.228080 -0.000000
10.228080 -0.000000
11.000000 0.000000
12.000000 0.000000
14.000000 0.000000
16.000000 0.000000
20.000000 0.000000
0.000000 0.000000
1.000000 0.000000
1.885960 2.000000
2.885960 2.000000
3.885960 2.000000
5.228079 0.000000
6.228079 0.000000
7.228079 0.000000
6.471866 -2.000000
7.471866 -2.000000
8.471863 -2.000000
7.962237 0.000000
8.962237 0.000000
10.962237 0.000000
16.000000 0.000000
20.000000 0.000000
